function u_c = u_coeffs_3_deg(in1,in2,in3,u0)
%U_COEFFS_3_DEG
%    U_C = U_COEFFS_3_DEG(IN1,IN2,IN3,U0)

%    This function was generated by the Symbolic Math Toolbox version 8.5.
%    14-Oct-2020 11:23:43

u11 = in3(:,1);
u12 = in3(:,2);
u13 = in3(:,3);
u21 = in2(:,1);
u22 = in2(:,2);
u23 = in2(:,3);
u24 = in2(:,4);
u25 = in2(:,5);
u31 = in1(:,1);
u32 = in1(:,2);
u33 = in1(:,3);
u34 = in1(:,4);
u35 = in1(:,5);
u36 = in1(:,6);
u37 = in1(:,7);
t2 = u0.^2;
t3 = u11.^2;
t4 = u11.^3;
t5 = u12.^2;
t6 = u13.^2;
t7 = u13.^3;
t8 = u21.^2;
t9 = u22.^2;
t10 = u23.^2;
t11 = u24.^2;
t12 = u25.^2;
t13 = u31.^2;
t14 = u32.^2;
t15 = u33.^2;
t16 = u34.^2;
t17 = u35.^2;
t18 = u36.^2;
t19 = u37.^2;
t20 = u11.*u13.*2.0;
t21 = u21.*u23.*2.0;
t22 = u21.*u24.*2.0;
t23 = u22.*u23.*2.0;
t24 = u21.*u25.*2.0;
t25 = u22.*u24.*2.0;
t26 = u22.*u25.*2.0;
t27 = u23.*u24.*2.0;
t28 = u23.*u25.*2.0;
t29 = u31.*u33.*2.0;
t30 = u31.*u34.*2.0;
t31 = u32.*u33.*2.0;
t32 = u31.*u35.*2.0;
t33 = u32.*u34.*2.0;
t34 = u31.*u36.*2.0;
t35 = u32.*u35.*2.0;
t36 = u33.*u34.*2.0;
t37 = u31.*u37.*2.0;
t38 = u32.*u36.*2.0;
t39 = u33.*u35.*2.0;
t40 = u32.*u37.*2.0;
t41 = u33.*u36.*2.0;
t42 = u34.*u35.*2.0;
t43 = u33.*u37.*2.0;
t44 = u34.*u36.*2.0;
t45 = u34.*u37.*2.0;
t46 = u35.*u36.*2.0;
t47 = u35.*u37.*2.0;
t48 = u0.*u11.*u22;
t49 = u0.*u12.*u21;
t50 = u0.*u11.*u23;
t51 = u0.*u12.*u22;
t52 = u0.*u13.*u21;
t53 = u0.*u11.*u24;
t54 = u0.*u12.*u23;
t55 = u0.*u13.*u22;
t56 = u0.*u11.*u25;
t57 = u0.*u12.*u24;
t58 = u0.*u13.*u23;
t59 = u0.*u12.*u25;
t60 = u0.*u13.*u24;
t63 = u11.*u12.*u13.*4.0;
t61 = t6.*u11;
t62 = t3.*u13;
t64 = t5.*u11.*2.0;
t65 = t5.*u13.*2.0;
t66 = t5+t20;
t67 = t9+t21;
t68 = t11+t28;
t69 = t14+t29;
t70 = t18+t47;
t71 = t48+t49;
t72 = t59+t60;
t73 = t22+t23;
t74 = t26+t27;
t75 = t30+t31;
t76 = t45+t46;
t80 = t10+t24+t25;
t81 = t15+t32+t33;
t82 = t17+t43+t44;
t83 = t34+t35+t36;
t84 = t40+t41+t42;
t85 = t50+t51+t52;
t86 = t53+t54+t55;
t87 = t56+t57+t58;
t88 = t16+t37+t38+t39;
t77 = t66.*u11;
t78 = t66.*u12;
t79 = t66.*u13;
t89 = t63+t78;
t90 = t62+t64+t77;
t91 = t61+t65+t79;
u_c = [t3.*t13,t13.*u11.*u12.*2.0+t3.*u31.*u32.*2.0,t3.*t69+t13.*t66+u11.*u12.*u31.*u32.*4.0,t3.*t75+t13.*u12.*u13.*2.0+t69.*u11.*u12.*2.0+t66.*u31.*u32.*2.0,t2.*t13.*-2.7e+1+t6.*t13+t3.*t81+t66.*t69-t4.*u31.*4.0-u0.*u21.^3.*4.0+t75.*u11.*u12.*2.0+u0.*u11.*u21.*u31.*1.8e+1+u12.*u13.*u31.*u32.*4.0,t3.*t83+t66.*t75-t4.*u32.*4.0+t71.*u31.*1.8e+1-t8.*u0.*u22.*1.2e+1-t3.*u12.*u31.*1.2e+1-t2.*u31.*u32.*5.4e+1+t6.*u31.*u32.*2.0+t69.*u12.*u13.*2.0+t81.*u11.*u12.*2.0+u0.*u11.*u21.*u32.*1.8e+1,u0.*(t9.*u21.*2.0+t8.*u23+t67.*u21).*-4.0-t2.*t69.*2.7e+1+t6.*t69+t3.*t88+t66.*t81-t4.*u33.*4.0+t71.*u32.*1.8e+1+t85.*u31.*1.8e+1-t90.*u31.*4.0-t3.*u12.*u32.*1.2e+1+t75.*u12.*u13.*2.0+t83.*u11.*u12.*2.0+u0.*u11.*u21.*u33.*1.8e+1,t2.*t75.*-2.7e+1+t6.*t75+t3.*t84+t66.*t83-t4.*u34.*4.0+t71.*u33.*1.8e+1+t85.*u32.*1.8e+1+t86.*u31.*1.8e+1-t89.*u31.*4.0-t90.*u32.*4.0-u0.*(t8.*u24+t21.*u22+t67.*u22+t73.*u21).*4.0-t3.*u12.*u33.*1.2e+1+t81.*u12.*u13.*2.0+t88.*u11.*u12.*2.0+u0.*u11.*u21.*u34.*1.8e+1,t2.*t81.*-2.7e+1+t3.*t82+t6.*t81+t66.*t88-t4.*u35.*4.0+t71.*u34.*1.8e+1+t85.*u33.*1.8e+1+t86.*u32.*1.8e+1+t87.*u31.*1.8e+1-t89.*u32.*4.0-t91.*u31.*4.0-t90.*u33.*4.0-u0.*(t8.*u25+t22.*u22+t67.*u23+t73.*u22+t80.*u21).*4.0-t3.*u12.*u34.*1.2e+1+t84.*u11.*u12.*2.0+t83.*u12.*u13.*2.0+u0.*u11.*u21.*u35.*1.8e+1,t3.*t76-t2.*t83.*2.7e+1+t6.*t83+t66.*t84-t4.*u36.*4.0+t72.*u31.*1.8e+1+t71.*u35.*1.8e+1+t85.*u34.*1.8e+1+t86.*u33.*1.8e+1+t87.*u32.*1.8e+1-t89.*u33.*4.0-t91.*u32.*4.0-t90.*u34.*4.0-u0.*(t24.*u22+t67.*u24+t74.*u21+t73.*u23+t80.*u22).*4.0-t6.*u12.*u31.*1.2e+1-t3.*u12.*u35.*1.2e+1+t82.*u11.*u12.*2.0+t88.*u12.*u13.*2.0+u0.*u11.*u21.*u36.*1.8e+1,t3.*t70-t2.*t88.*2.7e+1+t6.*t88+t66.*t82-t7.*u31.*4.0-t4.*u37.*4.0+t72.*u32.*1.8e+1+t71.*u36.*1.8e+1+t85.*u35.*1.8e+1+t86.*u34.*1.8e+1+t87.*u33.*1.8e+1-t89.*u34.*4.0-t91.*u33.*4.0-t90.*u35.*4.0-u0.*(t68.*u21+t67.*u25+t74.*u22+t73.*u24+t80.*u23).*4.0-t6.*u12.*u32.*1.2e+1-t3.*u12.*u36.*1.2e+1+t76.*u11.*u12.*2.0+t84.*u12.*u13.*2.0+u0.*u11.*u21.*u37.*1.8e+1+u0.*u13.*u25.*u31.*1.8e+1,t2.*t84.*-2.7e+1+t6.*t84+t66.*t76-t7.*u32.*4.0+t72.*u33.*1.8e+1+t71.*u37.*1.8e+1+t85.*u36.*1.8e+1+t86.*u35.*1.8e+1+t87.*u34.*1.8e+1-t89.*u35.*4.0-t91.*u34.*4.0-t90.*u36.*4.0-u0.*(t22.*u25+t68.*u22+t74.*u23+t73.*u25+t80.*u24).*4.0-t6.*u12.*u33.*1.2e+1-t3.*u12.*u37.*1.2e+1+t3.*u36.*u37.*2.0+t70.*u11.*u12.*2.0+t82.*u12.*u13.*2.0+u0.*u13.*u25.*u32.*1.8e+1,t3.*t19-t2.*t82.*2.7e+1+t6.*t82+t66.*t70-t7.*u33.*4.0+t72.*u34.*1.8e+1+t85.*u37.*1.8e+1+t86.*u36.*1.8e+1+t87.*u35.*1.8e+1-t89.*u36.*4.0-t91.*u35.*4.0-t90.*u37.*4.0-u0.*(t12.*u21+t25.*u25+t68.*u23+t74.*u24+t80.*u25).*4.0-t6.*u12.*u34.*1.2e+1+t76.*u12.*u13.*2.0+u0.*u13.*u25.*u33.*1.8e+1+u11.*u12.*u36.*u37.*4.0,t2.*t76.*-2.7e+1+t6.*t76-t7.*u34.*4.0+t72.*u35.*1.8e+1+t86.*u37.*1.8e+1+t87.*u36.*1.8e+1-t89.*u37.*4.0-t91.*u36.*4.0-u0.*(t12.*u22+t27.*u25+t68.*u24+t74.*u25).*4.0+t19.*u11.*u12.*2.0-t6.*u12.*u35.*1.2e+1+t70.*u12.*u13.*2.0+t66.*u36.*u37.*2.0+u0.*u13.*u25.*u34.*1.8e+1,u0.*(t12.*u23+t11.*u25.*2.0+t68.*u25).*-4.0-t2.*t70.*2.7e+1+t6.*t70+t19.*t66-t7.*u35.*4.0+t72.*u36.*1.8e+1+t87.*u37.*1.8e+1-t91.*u37.*4.0-t6.*u12.*u36.*1.2e+1+u0.*u13.*u25.*u35.*1.8e+1+u12.*u13.*u36.*u37.*4.0,t7.*u36.*-4.0+t72.*u37.*1.8e+1-t12.*u0.*u24.*1.2e+1+t19.*u12.*u13.*2.0-t6.*u12.*u37.*1.2e+1-t2.*u36.*u37.*5.4e+1+t6.*u36.*u37.*2.0+u0.*u13.*u25.*u36.*1.8e+1,t2.*t19.*-2.7e+1+t6.*t19-t7.*u37.*4.0-u0.*u25.^3.*4.0+u0.*u13.*u25.*u37.*1.8e+1];
