function g_coeffs = CableCableGuT(in1,in2,in3,in4,in5,in6,in7,in8)
%CABLE_CABLE_IFC_RAY_TRANSLATION_G_COEFF
%    G_COEFFS = CABLE_CABLE_IFC_RAY_TRANSLATION_G_COEFF(IN1,IN2,IN3,IN4,IN5,IN6,IN7,IN8)

%    This function was generated by the Symbolic Math Toolbox version 8.4.
%    04-Oct-2020 23:58:22

Ai_01 = in2(1,:);
Ai_02 = in2(2,:);
Ai_03 = in2(3,:);
Ai_11 = in1(1,:);
Ai_12 = in1(2,:);
Ai_13 = in1(3,:);
Aj_01 = in4(1,:);
Aj_02 = in4(2,:);
Aj_03 = in4(3,:);
Aj_11 = in3(1,:);
Aj_12 = in3(2,:);
Aj_13 = in3(3,:);
Bi_01 = in6(1,:);
Bi_02 = in6(2,:);
Bi_03 = in6(3,:);
Bi_11 = in5(1,:);
Bi_12 = in5(2,:);
Bi_13 = in5(3,:);
Bj_01 = in8(1,:);
Bj_02 = in8(2,:);
Bj_03 = in8(3,:);
Bj_11 = in7(1,:);
Bj_12 = in7(2,:);
Bj_13 = in7(3,:);
t2 = -Aj_01;
t3 = -Aj_02;
t4 = -Aj_03;
t5 = -Aj_11;
t6 = -Aj_12;
t7 = -Aj_13;
t8 = -Bi_01;
t9 = -Bi_02;
t10 = -Bi_03;
t11 = -Bi_11;
t12 = -Bi_12;
t13 = -Bi_13;
t14 = -Bj_01;
t15 = -Bj_02;
t16 = -Bj_03;
t17 = -Bj_11;
t18 = -Bj_12;
t19 = -Bj_13;
t20 = Ai_01+t2;
t21 = Ai_02+t3;
t22 = Ai_03+t4;
t23 = Ai_11+t5;
t24 = Ai_12+t6;
t25 = Ai_13+t7;
t26 = Ai_01+t8;
t27 = Ai_02+t9;
t28 = Ai_03+t10;
t29 = Ai_11+t11;
t30 = Ai_12+t12;
t31 = Ai_13+t13;
t32 = Aj_01+t14;
t33 = Aj_02+t15;
t34 = Aj_03+t16;
t35 = Aj_11+t17;
t36 = Aj_12+t18;
t37 = Aj_13+t19;
t38 = t20.*t27;
t39 = t21.*t26;
t40 = t20.*t30;
t41 = t21.*t29;
t42 = t23.*t27;
t43 = t24.*t26;
t44 = t23.*t30;
t45 = t24.*t29;
t46 = t20.*t33;
t47 = t21.*t32;
t48 = t20.*t36;
t49 = t21.*t35;
t50 = t23.*t33;
t51 = t24.*t32;
t52 = t23.*t36;
t53 = t24.*t35;
t54 = t26.*t33;
t55 = t27.*t32;
t56 = t26.*t36;
t57 = t27.*t35;
t58 = t29.*t33;
t59 = t30.*t32;
t60 = t29.*t36;
t61 = t30.*t35;
t62 = -t39;
t63 = -t41;
t64 = -t43;
t65 = -t45;
t66 = -t47;
t67 = -t49;
t68 = -t51;
t69 = -t53;
t70 = -t55;
t71 = -t57;
t72 = -t59;
t73 = -t61;
t74 = t38+t62;
t75 = t44+t65;
t76 = t46+t66;
t77 = t52+t69;
t78 = t54+t70;
t79 = t60+t73;
t80 = t40+t42+t63+t64;
t81 = t48+t50+t67+t68;
t82 = t56+t58+t71+t72;
g_coeffs = [-t25.*t79+t31.*t77-t37.*t75,-t22.*t79+t28.*t77-t25.*t82-t34.*t75+t31.*t81-t37.*t80,-t25.*t78-t22.*t82+t31.*t76+t28.*t81-t37.*t74-t34.*t80,-t22.*t78+t28.*t76-t34.*t74];
