function u_c = Delta3u(in1,in2,in3,u0)
%Delta3u
%    U_C = Delta3u(IN1,IN2,IN3,U0)

%    This function was generated by the Symbolic Math Toolbox version 9.1.
%    30-Jun-2022 19:47:10

u11 = in3(:,1);
u12 = in3(:,2);
u13 = in3(:,3);
u21 = in2(:,1);
u22 = in2(:,2);
u23 = in2(:,3);
u24 = in2(:,4);
u25 = in2(:,5);
u31 = in1(:,1);
u32 = in1(:,2);
u33 = in1(:,3);
u34 = in1(:,4);
u35 = in1(:,5);
u36 = in1(:,6);
u37 = in1(:,7);
t2 = u0.^2;
t3 = u11.^2;
t4 = u11.^3;
t5 = u12.^2;
t6 = u13.^2;
t7 = u13.^3;
t8 = u21.^2;
t9 = u22.^2;
t10 = u23.^2;
t11 = u24.^2;
t12 = u25.^2;
t13 = u11.*u13.*2.0;
t14 = u21.*u22.*2.0;
t15 = u21.*u23.*2.0;
t16 = u21.*u24.*2.0;
t17 = u22.*u23.*2.0;
t18 = u21.*u25.*2.0;
t19 = u22.*u24.*2.0;
t20 = u22.*u25.*2.0;
t21 = u23.*u24.*2.0;
t22 = u23.*u25.*2.0;
t23 = u24.*u25.*2.0;
t24 = u0.*u11.*u22;
t25 = u0.*u12.*u21;
t26 = u0.*u11.*u23;
t27 = u0.*u12.*u22;
t28 = u0.*u13.*u21;
t29 = u0.*u11.*u24;
t30 = u0.*u12.*u23;
t31 = u0.*u13.*u22;
t32 = u0.*u11.*u25;
t33 = u0.*u12.*u24;
t34 = u0.*u13.*u23;
t35 = u0.*u12.*u25;
t36 = u0.*u13.*u24;
t39 = u11.*u12.*u13.*4.0;
t40 = u11.*u12.*u24.*u25.*4.0;
t41 = u12.*u13.*u24.*u25.*4.0;
t37 = t6.*u11;
t38 = t3.*u13;
t42 = t5.*u11.*2.0;
t43 = t5.*u13.*2.0;
t44 = t3.*t8;
t45 = t6.*t12;
t46 = t3+t6;
t47 = t12.*u11.*u12.*2.0;
t48 = t12.*u12.*u13.*2.0;
t49 = t3.*t14;
t50 = t6.*t23;
t51 = t5+t13;
t52 = t9+t15;
t53 = t11+t22;
t54 = t24+t25;
t55 = t35+t36;
t56 = t16+t17;
t57 = t20+t21;
t67 = t10+t18+t19;
t74 = t26+t27+t28;
t75 = t29+t30+t31;
t76 = t32+t33+t34;
t58 = t51.*u11;
t59 = t51.*u12;
t60 = t51.*u13;
t61 = t12.*t51;
t62 = t3.*t52;
t63 = t6.*t53;
t64 = t23.*t51;
t65 = t53.*u11.*u12.*2.0;
t66 = t53.*u12.*u13.*2.0;
t68 = t3.*t56;
t69 = t6.*t57;
t70 = t57.*u11.*u12.*2.0;
t71 = t57.*u12.*u13.*2.0;
t72 = t14+t57;
t73 = t23+t56;
t77 = t52+t53;
t78 = t12+t67;
t80 = t3.*t67;
t81 = t51.*t53;
t82 = t51.*t57;
t79 = t39+t59;
t83 = t38+t42+t58;
t84 = t37+t43+t60;
mt1 = [t44-t4.*u31.*4.0-t2.*u31.^2.*2.7e+1-u0.*u21.^3.*4.0+u0.*u11.*u21.*u31.*1.8e+1,t49-t4.*u32.*4.0+t54.*u31.*1.8e+1-t8.*u0.*u22.*1.2e+1+t8.*u11.*u12.*2.0-t3.*u12.*u31.*1.2e+1-t2.*u31.*u32.*5.4e+1+u0.*u11.*u21.*u32.*1.8e+1,t62-t70-u0.*(t9.*u21.*2.0+t8.*u23+t52.*u21).*4.0+t8.*t51-t4.*u33.*4.0+t54.*u32.*1.8e+1+t74.*u31.*1.8e+1-t83.*u31.*4.0-t2.*(u31.*u33.*2.0+u32.^2).*2.7e+1-t3.*u12.*u32.*1.2e+1+t72.*u11.*u12.*2.0+u0.*u11.*u21.*u33.*1.8e+1];
mt2 = [-t65+t68-t82+t51.*t72-t4.*u34.*4.0+t54.*u33.*1.8e+1+t74.*u32.*1.8e+1+t75.*u31.*1.8e+1-t79.*u31.*4.0-t83.*u32.*4.0-u0.*(t8.*u24+t14.*u23+t52.*u22+t56.*u21).*4.0-t2.*(u31.*u34.*2.0+u32.*u33.*2.0).*2.7e+1+t8.*u12.*u13.*2.0-t3.*u12.*u33.*1.2e+1+t77.*u11.*u12.*2.0+u0.*u11.*u21.*u34.*1.8e+1];
mt3 = [-t40-t44-t71+t80-t81+t8.*t46+t51.*t77-t4.*u35.*4.0+t54.*u34.*1.8e+1+t74.*u33.*1.8e+1+t75.*u32.*1.8e+1+t76.*u31.*1.8e+1-t79.*u32.*4.0-t84.*u31.*4.0-t83.*u33.*4.0-t2.*(u31.*u35.*2.0+u32.*u34.*2.0+u33.^2).*2.7e+1-u0.*(t8.*u25+t14.*u24+t52.*u23+t56.*u22+t67.*u21).*4.0-t3.*u12.*u34.*1.2e+1+t73.*u11.*u12.*2.0+t72.*u12.*u13.*2.0+u0.*u11.*u21.*u35.*1.8e+1];
mt4 = [-t47-t66-t69-t2.*(u31.*u36.*2.0+u32.*u35.*2.0+u33.*u34.*2.0).*2.7e+1+t46.*t72+t51.*t73-t4.*u36.*4.0+t55.*u31.*1.8e+1+t54.*u35.*1.8e+1+t74.*u34.*1.8e+1+t75.*u33.*1.8e+1+t76.*u32.*1.8e+1-t79.*u33.*4.0-t84.*u32.*4.0-t83.*u34.*4.0-u0.*(t14.*u25+t52.*u24+t57.*u21+t56.*u23+t67.*u22).*4.0-t3.*u21.*u22.*2.0-t6.*u12.*u31.*1.2e+1-t3.*u12.*u35.*1.2e+1-t51.*u24.*u25.*2.0+t78.*u11.*u12.*2.0+t77.*u12.*u13.*2.0+u0.*u11.*u21.*u36.*1.8e+1];
mt5 = [-t41-t61-t62-t63+t70+t46.*t77+t51.*t78-t7.*u31.*4.0-t4.*u37.*4.0+t55.*u32.*1.8e+1+t54.*u36.*1.8e+1+t74.*u35.*1.8e+1+t75.*u34.*1.8e+1+t76.*u33.*1.8e+1-t79.*u34.*4.0-t84.*u33.*4.0-t83.*u35.*4.0-u0.*(t53.*u21+t52.*u25+t57.*u22+t56.*u24+t67.*u23).*4.0-t2.*(u31.*u37.*2.0+u32.*u36.*2.0+u33.*u35.*2.0+u34.^2).*2.7e+1-t6.*u12.*u32.*1.2e+1-t3.*u12.*u36.*1.2e+1+t73.*u12.*u13.*2.0+u0.*u11.*u21.*u37.*1.8e+1+u0.*u13.*u25.*u31.*1.8e+1];
mt6 = [-t48+t65-t68+t82-t2.*(u32.*u37.*2.0+u33.*u36.*2.0+u34.*u35.*2.0).*2.7e+1+t46.*t73-t7.*u32.*4.0+t55.*u33.*1.8e+1+t54.*u37.*1.8e+1+t74.*u36.*1.8e+1+t75.*u35.*1.8e+1+t76.*u34.*1.8e+1-t79.*u35.*4.0-t84.*u34.*4.0-t83.*u36.*4.0-u0.*(t16.*u25+t53.*u22+t57.*u23+t56.*u25+t67.*u24).*4.0-t6.*u12.*u33.*1.2e+1-t3.*u12.*u37.*1.2e+1-t6.*u24.*u25.*2.0+t78.*u12.*u13.*2.0+u0.*u13.*u25.*u32.*1.8e+1];
mt7 = [t40-t45+t71-t80+t81+t46.*t78-t7.*u33.*4.0+t55.*u34.*1.8e+1+t74.*u37.*1.8e+1+t75.*u36.*1.8e+1+t76.*u35.*1.8e+1-t79.*u36.*4.0-t84.*u35.*4.0-t83.*u37.*4.0-t2.*(u33.*u37.*2.0+u34.*u36.*2.0+u35.^2).*2.7e+1-u0.*(t12.*u21+t19.*u25+t53.*u23+t57.*u24+t67.*u25).*4.0-t6.*u12.*u34.*1.2e+1+u0.*u13.*u25.*u33.*1.8e+1,t47+t64+t66+t69-t7.*u34.*4.0+t55.*u35.*1.8e+1+t75.*u37.*1.8e+1+t76.*u36.*1.8e+1-t79.*u37.*4.0-t84.*u36.*4.0-u0.*(t12.*u22+t21.*u25+t53.*u24+t57.*u25).*4.0-t2.*(u34.*u37.*2.0+u35.*u36.*2.0).*2.7e+1-t6.*u12.*u35.*1.2e+1+u0.*u13.*u25.*u34.*1.8e+1];
mt8 = [t41+t61+t63-u0.*(t12.*u23+t11.*u25.*2.0+t53.*u25).*4.0-t7.*u35.*4.0+t55.*u36.*1.8e+1+t76.*u37.*1.8e+1-t84.*u37.*4.0-t2.*(u35.*u37.*2.0+u36.^2).*2.7e+1-t6.*u12.*u36.*1.2e+1+u0.*u13.*u25.*u35.*1.8e+1,t48+t50-t7.*u36.*4.0+t55.*u37.*1.8e+1-t12.*u0.*u24.*1.2e+1-t6.*u12.*u37.*1.2e+1-t2.*u36.*u37.*5.4e+1+u0.*u13.*u25.*u36.*1.8e+1,t45-t7.*u37.*4.0-t2.*u37.^2.*2.7e+1-u0.*u25.^3.*4.0+u0.*u13.*u25.*u37.*1.8e+1];
u_c = [mt1,mt2,mt3,mt4,mt5,mt6,mt7,mt8];
