function t_c = FoGuT(in1,in2,in3)
%T_COEFFS
%    T_C = T_COEFFS(IN1,IN2,IN3)

%    This function was generated by the Symbolic Math Toolbox version 8.5.
%    14-Oct-2020 12:02:06

A1 = in2(1,:);
A2 = in2(2,:);
A3 = in2(3,:);
B1 = in1(1,:);
B2 = in1(2,:);
B3 = in1(3,:);
c1 = in3(1,:);
c2 = in3(2,:);
c3 = in3(3,:);
c4 = in3(4,:);
c5 = in3(5,:);
c6 = in3(6,:);
c7 = in3(7,:);
c8 = in3(8,:);
c9 = in3(9,:);
c10 = in3(10,:);
c11 = in3(11,:);
c12 = in3(12,:);
c13 = in3(13,:);
c14 = in3(14,:);
c15 = in3(15,:);
c16 = in3(16,:);
c17 = in3(17,:);
c18 = in3(18,:);
c19 = in3(19,:);
c20 = in3(20,:);
c21 = in3(21,:);
c22 = in3(22,:);
c23 = in3(23,:);
c24 = in3(24,:);
c25 = in3(25,:);
c26 = in3(26,:);
c27 = in3(27,:);
c28 = in3(28,:);
c29 = in3(29,:);
c30 = in3(30,:);
c31 = in3(31,:);
t2 = A1.^2;
t3 = A1.^3;
t4 = A2.^2;
t5 = A2.^3;
t6 = A3.^2;
t7 = A3.^3;
t8 = -B1;
t9 = -B2;
t10 = -B3;
t11 = A1+t8;
t12 = A2+t9;
t13 = A3+t10;
t14 = t11.^2;
t15 = t11.^3;
t16 = t12.^2;
t17 = t12.^3;
t18 = t13.^2;
t19 = t13.^3;
t_c = [c1.*t14.^2+c2.*t16.^2+c3.*t18.^2+c4.*t12.*t15+c5.*t13.*t15+c6.*t11.*t17+c7.*t13.*t17+c8.*t11.*t19+c9.*t12.*t19+c10.*t14.*t16+c11.*t14.*t18+c12.*t16.*t18,-c13.*t15-c14.*t17-c15.*t19-A1.*c1.*t15.*4.0-A2.*c2.*t17.*4.0-A2.*c4.*t15-A3.*c5.*t15-A1.*c6.*t17-A3.*c3.*t19.*4.0-A3.*c7.*t17-A1.*c8.*t19-A2.*c9.*t19-c16.*t12.*t14-c17.*t13.*t14-c18.*t11.*t16-c19.*t13.*t16-c20.*t11.*t18-c21.*t12.*t18-A1.*c4.*t12.*t14.*3.0-A1.*c5.*t13.*t14.*3.0-A2.*c6.*t11.*t16.*3.0-A1.*c10.*t11.*t16.*2.0-A2.*c7.*t13.*t16.*3.0-A2.*c10.*t12.*t14.*2.0-A3.*c8.*t11.*t18.*3.0-A1.*c11.*t11.*t18.*2.0-A3.*c11.*t13.*t14.*2.0-A3.*c9.*t12.*t18.*3.0-A2.*c12.*t12.*t18.*2.0-A3.*c12.*t13.*t16.*2.0,c22.*t14+c23.*t16+c24.*t18+A1.*c13.*t14.*3.0+A2.*c14.*t16.*3.0+A2.*c16.*t14+A3.*c17.*t14+A1.*c18.*t16+A3.*c15.*t18.*3.0+A3.*c19.*t16+A1.*c20.*t18+A2.*c21.*t18+c1.*t2.*t14.*6.0+c2.*t4.*t16.*6.0+c3.*t6.*t18.*6.0+c10.*t2.*t16+c10.*t4.*t14+c11.*t2.*t18+c11.*t6.*t14+c12.*t4.*t18+c12.*t6.*t16+c25.*t11.*t12+c26.*t11.*t13+c27.*t12.*t13+c4.*t2.*t11.*t12.*3.0+c5.*t2.*t11.*t13.*3.0+c6.*t4.*t11.*t12.*3.0+c7.*t4.*t12.*t13.*3.0+c8.*t6.*t11.*t13.*3.0+c9.*t6.*t12.*t13.*3.0+A1.*A2.*c4.*t14.*3.0+A1.*A3.*c5.*t14.*3.0+A1.*A2.*c6.*t16.*3.0+A2.*A3.*c7.*t16.*3.0+A1.*A3.*c8.*t18.*3.0+A2.*A3.*c9.*t18.*3.0+A1.*c16.*t11.*t12.*2.0+A1.*c17.*t11.*t13.*2.0+A2.*c18.*t11.*t12.*2.0+A2.*c19.*t12.*t13.*2.0+A3.*c20.*t11.*t13.*2.0+A3.*c21.*t12.*t13.*2.0+A1.*A2.*c10.*t11.*t12.*4.0+A1.*A3.*c11.*t11.*t13.*4.0+A2.*A3.*c12.*t12.*t13.*4.0,-c28.*t11-c29.*t12-c30.*t13-A1.*c22.*t11.*2.0-A2.*c23.*t12.*2.0-A1.*c25.*t12-A2.*c25.*t11-A1.*c26.*t13-A3.*c24.*t13.*2.0-A3.*c26.*t11-A2.*c27.*t13-A3.*c27.*t12-c1.*t3.*t11.*4.0-c2.*t5.*t12.*4.0-c4.*t3.*t12-c5.*t3.*t13-c6.*t5.*t11-c3.*t7.*t13.*4.0-c7.*t5.*t13-c8.*t7.*t11-c13.*t2.*t11.*3.0-c9.*t7.*t12-c14.*t4.*t12.*3.0-c16.*t2.*t12-c17.*t2.*t13-c18.*t4.*t11-c15.*t6.*t13.*3.0-c19.*t4.*t13-c20.*t6.*t11-c21.*t6.*t12-A1.*A2.*c16.*t11.*2.0-A1.*A3.*c17.*t11.*2.0-A1.*A2.*c18.*t12.*2.0-A2.*A3.*c19.*t12.*2.0-A1.*A3.*c20.*t13.*2.0-A2.*A3.*c21.*t13.*2.0-A2.*c4.*t2.*t11.*3.0-A3.*c5.*t2.*t11.*3.0-A1.*c6.*t4.*t12.*3.0-A1.*c10.*t4.*t11.*2.0-A2.*c10.*t2.*t12.*2.0-A3.*c7.*t4.*t12.*3.0-A1.*c8.*t6.*t13.*3.0-A1.*c11.*t6.*t11.*2.0-A3.*c11.*t2.*t13.*2.0-A2.*c9.*t6.*t13.*3.0-A2.*c12.*t6.*t12.*2.0-A3.*c12.*t4.*t13.*2.0,c31+A1.*c28+A2.*c29+A3.*c30+c13.*t3+c14.*t5+c15.*t7+c22.*t2+c23.*t4+c24.*t6+c1.*t2.^2+c2.*t4.^2+c3.*t6.^2+A1.*A2.*c25+A1.*A3.*c26+A2.*A3.*c27+A2.*c4.*t3+A3.*c5.*t3+A1.*c6.*t5+A3.*c7.*t5+A1.*c8.*t7+A2.*c9.*t7+A2.*c16.*t2+A3.*c17.*t2+A1.*c18.*t4+A3.*c19.*t4+A1.*c20.*t6+A2.*c21.*t6+c10.*t2.*t4+c11.*t2.*t6+c12.*t4.*t6];
