function v_c = FoGvO(in1,in2,in3,u)
%V_COEFFS_O
%    V_C = V_COEFFS_O(IN1,IN2,IN3,U)

%    This function was generated by the Symbolic Math Toolbox version 8.5.
%    15-Oct-2020 15:48:51

A1 = in2(1,:);
A2 = in2(2,:);
A3 = in2(3,:);
b11 = in1(1);
b12 = in1(4);
b13 = in1(7);
b21 = in1(2);
b22 = in1(5);
b23 = in1(8);
b31 = in1(3);
b32 = in1(6);
b33 = in1(9);
c1 = in3(1,:);
c2 = in3(2,:);
c3 = in3(3,:);
c4 = in3(4,:);
c5 = in3(5,:);
c6 = in3(6,:);
c7 = in3(7,:);
c8 = in3(8,:);
c9 = in3(9,:);
c10 = in3(10,:);
c11 = in3(11,:);
c12 = in3(12,:);
c13 = in3(13,:);
c14 = in3(14,:);
c15 = in3(15,:);
c16 = in3(16,:);
c17 = in3(17,:);
c18 = in3(18,:);
c19 = in3(19,:);
c20 = in3(20,:);
c21 = in3(21,:);
c22 = in3(22,:);
c23 = in3(23,:);
c24 = in3(24,:);
c25 = in3(25,:);
c26 = in3(26,:);
c27 = in3(27,:);
c28 = in3(28,:);
c29 = in3(29,:);
c30 = in3(30,:);
c31 = in3(31,:);
t2 = b12.*u;
t3 = b22.*u;
t4 = b32.*u;
t5 = A1.^2;
t6 = A1.^3;
t7 = A2.^2;
t8 = A2.^3;
t9 = A3.^2;
t10 = A3.^3;
t11 = u.^2;
t12 = t11+1.0;
t13 = b11.*t11;
t14 = b21.*t11;
t15 = b31.*t11;
t16 = 1.0./t12;
t17 = b13+t2+t13;
t18 = b23+t3+t14;
t19 = b33+t4+t15;
t20 = t16.*t17;
t21 = t16.*t18;
t22 = t16.*t19;
t23 = -t20;
t24 = -t21;
t25 = -t22;
t26 = A1+t23;
t27 = A2+t24;
t28 = A3+t25;
t29 = t26.^2;
t30 = t26.^3;
t31 = t27.^2;
t32 = t27.^3;
t33 = t28.^2;
t34 = t28.^3;
v_c = [c1.*t29.^2+c2.*t31.^2+c3.*t33.^2+c4.*t27.*t30+c5.*t28.*t30+c6.*t26.*t32+c7.*t28.*t32+c8.*t26.*t34+c9.*t27.*t34+c10.*t29.*t31+c11.*t29.*t33+c12.*t31.*t33,-c13.*t30-c14.*t32-c15.*t34-A1.*c1.*t30.*4.0-A2.*c2.*t32.*4.0-A2.*c4.*t30-A3.*c5.*t30-A1.*c6.*t32-A3.*c3.*t34.*4.0-A3.*c7.*t32-A1.*c8.*t34-A2.*c9.*t34-c16.*t27.*t29-c17.*t28.*t29-c18.*t26.*t31-c19.*t28.*t31-c20.*t26.*t33-c21.*t27.*t33-A1.*c4.*t27.*t29.*3.0-A1.*c5.*t28.*t29.*3.0-A2.*c6.*t26.*t31.*3.0-A1.*c10.*t26.*t31.*2.0-A2.*c7.*t28.*t31.*3.0-A2.*c10.*t27.*t29.*2.0-A3.*c8.*t26.*t33.*3.0-A1.*c11.*t26.*t33.*2.0-A3.*c11.*t28.*t29.*2.0-A3.*c9.*t27.*t33.*3.0-A2.*c12.*t27.*t33.*2.0-A3.*c12.*t28.*t31.*2.0,c22.*t29+c23.*t31+c24.*t33+A1.*c13.*t29.*3.0+A2.*c14.*t31.*3.0+A2.*c16.*t29+A3.*c17.*t29+A1.*c18.*t31+A3.*c15.*t33.*3.0+A3.*c19.*t31+A1.*c20.*t33+A2.*c21.*t33+c1.*t5.*t29.*6.0+c2.*t7.*t31.*6.0+c3.*t9.*t33.*6.0+c10.*t5.*t31+c10.*t7.*t29+c11.*t5.*t33+c11.*t9.*t29+c12.*t7.*t33+c12.*t9.*t31+c25.*t26.*t27+c26.*t26.*t28+c27.*t27.*t28+c4.*t5.*t26.*t27.*3.0+c5.*t5.*t26.*t28.*3.0+c6.*t7.*t26.*t27.*3.0+c7.*t7.*t27.*t28.*3.0+c8.*t9.*t26.*t28.*3.0+c9.*t9.*t27.*t28.*3.0+A1.*A2.*c4.*t29.*3.0+A1.*A3.*c5.*t29.*3.0+A1.*A2.*c6.*t31.*3.0+A2.*A3.*c7.*t31.*3.0+A1.*A3.*c8.*t33.*3.0+A2.*A3.*c9.*t33.*3.0+A1.*c16.*t26.*t27.*2.0+A1.*c17.*t26.*t28.*2.0+A2.*c18.*t26.*t27.*2.0+A2.*c19.*t27.*t28.*2.0+A3.*c20.*t26.*t28.*2.0+A3.*c21.*t27.*t28.*2.0+A1.*A2.*c10.*t26.*t27.*4.0+A1.*A3.*c11.*t26.*t28.*4.0+A2.*A3.*c12.*t27.*t28.*4.0,-c28.*t26-c29.*t27-c30.*t28-A1.*c22.*t26.*2.0-A2.*c23.*t27.*2.0-A1.*c25.*t27-A2.*c25.*t26-A1.*c26.*t28-A3.*c24.*t28.*2.0-A3.*c26.*t26-A2.*c27.*t28-A3.*c27.*t27-c1.*t6.*t26.*4.0-c2.*t8.*t27.*4.0-c4.*t6.*t27-c5.*t6.*t28-c6.*t8.*t26-c3.*t10.*t28.*4.0-c7.*t8.*t28-c8.*t10.*t26-c13.*t5.*t26.*3.0-c9.*t10.*t27-c14.*t7.*t27.*3.0-c16.*t5.*t27-c17.*t5.*t28-c18.*t7.*t26-c15.*t9.*t28.*3.0-c19.*t7.*t28-c20.*t9.*t26-c21.*t9.*t27-A1.*A2.*c16.*t26.*2.0-A1.*A3.*c17.*t26.*2.0-A1.*A2.*c18.*t27.*2.0-A2.*A3.*c19.*t27.*2.0-A1.*A3.*c20.*t28.*2.0-A2.*A3.*c21.*t28.*2.0-A2.*c4.*t5.*t26.*3.0-A3.*c5.*t5.*t26.*3.0-A1.*c6.*t7.*t27.*3.0-A1.*c10.*t7.*t26.*2.0-A2.*c10.*t5.*t27.*2.0-A3.*c7.*t7.*t27.*3.0-A1.*c8.*t9.*t28.*3.0-A1.*c11.*t9.*t26.*2.0-A3.*c11.*t5.*t28.*2.0-A2.*c9.*t9.*t28.*3.0-A2.*c12.*t9.*t27.*2.0-A3.*c12.*t7.*t28.*2.0,c31+A1.*c28+A2.*c29+A3.*c30+c13.*t6+c14.*t8+c15.*t10+c22.*t5+c23.*t7+c24.*t9+c1.*t5.^2+c2.*t7.^2+c3.*t9.^2+A1.*A2.*c25+A1.*A3.*c26+A2.*A3.*c27+A2.*c4.*t6+A3.*c5.*t6+A1.*c6.*t8+A3.*c7.*t8+A1.*c8.*t10+A2.*c9.*t10+A2.*c16.*t5+A3.*c17.*t5+A1.*c18.*t7+A3.*c19.*t7+A1.*c20.*t9+A2.*c21.*t9+c10.*t5.*t7+c11.*t5.*t9+c12.*t7.*t9];
