function v_c = FoGvT(in1,in2,in3,u)
%V_COEFFS_T
%    V_C = V_COEFFS_T(IN1,IN2,IN3,U)

%    This function was generated by the Symbolic Math Toolbox version 8.5.
%    15-Oct-2020 15:47:59

A1 = in2(1,:);
A2 = in2(2,:);
A3 = in2(3,:);
b11 = in1(1);
b12 = in1(4);
b21 = in1(2);
b22 = in1(5);
b31 = in1(3);
b32 = in1(6);
c1 = in3(1,:);
c2 = in3(2,:);
c3 = in3(3,:);
c4 = in3(4,:);
c5 = in3(5,:);
c6 = in3(6,:);
c7 = in3(7,:);
c8 = in3(8,:);
c9 = in3(9,:);
c10 = in3(10,:);
c11 = in3(11,:);
c12 = in3(12,:);
c13 = in3(13,:);
c14 = in3(14,:);
c15 = in3(15,:);
c16 = in3(16,:);
c17 = in3(17,:);
c18 = in3(18,:);
c19 = in3(19,:);
c20 = in3(20,:);
c21 = in3(21,:);
c22 = in3(22,:);
c23 = in3(23,:);
c24 = in3(24,:);
c25 = in3(25,:);
c26 = in3(26,:);
c27 = in3(27,:);
c28 = in3(28,:);
c29 = in3(29,:);
c30 = in3(30,:);
c31 = in3(31,:);
t2 = b11.*u;
t3 = b21.*u;
t4 = b31.*u;
t5 = A1.^2;
t6 = A1.^3;
t7 = A2.^2;
t8 = A2.^3;
t9 = A3.^2;
t10 = A3.^3;
t11 = -A1;
t12 = -A2;
t13 = -A3;
t14 = b12+t2+t11;
t15 = b22+t3+t12;
t16 = b32+t4+t13;
t17 = t14.^2;
t18 = t14.^3;
t19 = t15.^2;
t20 = t15.^3;
t21 = t16.^2;
t22 = t16.^3;
v_c = [c1.*t17.^2+c2.*t19.^2+c3.*t21.^2+c4.*t15.*t18+c5.*t16.*t18+c6.*t14.*t20+c7.*t16.*t20+c8.*t14.*t22+c9.*t15.*t22+c10.*t17.*t19+c11.*t17.*t21+c12.*t19.*t21,c13.*t18+c14.*t20+c15.*t22+A1.*c1.*t18.*4.0+A2.*c2.*t20.*4.0+A2.*c4.*t18+A3.*c5.*t18+A1.*c6.*t20+A3.*c3.*t22.*4.0+A3.*c7.*t20+A1.*c8.*t22+A2.*c9.*t22+c16.*t15.*t17+c17.*t16.*t17+c18.*t14.*t19+c19.*t16.*t19+c20.*t14.*t21+c21.*t15.*t21+A1.*c4.*t15.*t17.*3.0+A1.*c5.*t16.*t17.*3.0+A2.*c6.*t14.*t19.*3.0+A1.*c10.*t14.*t19.*2.0+A2.*c7.*t16.*t19.*3.0+A2.*c10.*t15.*t17.*2.0+A3.*c8.*t14.*t21.*3.0+A1.*c11.*t14.*t21.*2.0+A3.*c11.*t16.*t17.*2.0+A3.*c9.*t15.*t21.*3.0+A2.*c12.*t15.*t21.*2.0+A3.*c12.*t16.*t19.*2.0,c22.*t17+c23.*t19+c24.*t21+A1.*c13.*t17.*3.0+A2.*c14.*t19.*3.0+A2.*c16.*t17+A3.*c17.*t17+A1.*c18.*t19+A3.*c15.*t21.*3.0+A3.*c19.*t19+A1.*c20.*t21+A2.*c21.*t21+c1.*t5.*t17.*6.0+c2.*t7.*t19.*6.0+c3.*t9.*t21.*6.0+c10.*t5.*t19+c10.*t7.*t17+c11.*t5.*t21+c11.*t9.*t17+c12.*t7.*t21+c12.*t9.*t19+c25.*t14.*t15+c26.*t14.*t16+c27.*t15.*t16+c4.*t5.*t14.*t15.*3.0+c5.*t5.*t14.*t16.*3.0+c6.*t7.*t14.*t15.*3.0+c7.*t7.*t15.*t16.*3.0+c8.*t9.*t14.*t16.*3.0+c9.*t9.*t15.*t16.*3.0+A1.*A2.*c4.*t17.*3.0+A1.*A3.*c5.*t17.*3.0+A1.*A2.*c6.*t19.*3.0+A2.*A3.*c7.*t19.*3.0+A1.*A3.*c8.*t21.*3.0+A2.*A3.*c9.*t21.*3.0+A1.*c16.*t14.*t15.*2.0+A1.*c17.*t14.*t16.*2.0+A2.*c18.*t14.*t15.*2.0+A2.*c19.*t15.*t16.*2.0+A3.*c20.*t14.*t16.*2.0+A3.*c21.*t15.*t16.*2.0+A1.*A2.*c10.*t14.*t15.*4.0+A1.*A3.*c11.*t14.*t16.*4.0+A2.*A3.*c12.*t15.*t16.*4.0,c28.*t14+c29.*t15+c30.*t16+A1.*c22.*t14.*2.0+A2.*c23.*t15.*2.0+A1.*c25.*t15+A2.*c25.*t14+A1.*c26.*t16+A3.*c24.*t16.*2.0+A3.*c26.*t14+A2.*c27.*t16+A3.*c27.*t15+c1.*t6.*t14.*4.0+c2.*t8.*t15.*4.0+c4.*t6.*t15+c5.*t6.*t16+c6.*t8.*t14+c3.*t10.*t16.*4.0+c7.*t8.*t16+c8.*t10.*t14+c13.*t5.*t14.*3.0+c9.*t10.*t15+c14.*t7.*t15.*3.0+c16.*t5.*t15+c17.*t5.*t16+c18.*t7.*t14+c15.*t9.*t16.*3.0+c19.*t7.*t16+c20.*t9.*t14+c21.*t9.*t15+A1.*A2.*c16.*t14.*2.0+A1.*A3.*c17.*t14.*2.0+A1.*A2.*c18.*t15.*2.0+A2.*A3.*c19.*t15.*2.0+A1.*A3.*c20.*t16.*2.0+A2.*A3.*c21.*t16.*2.0+A2.*c4.*t5.*t14.*3.0+A3.*c5.*t5.*t14.*3.0+A1.*c6.*t7.*t15.*3.0+A1.*c10.*t7.*t14.*2.0+A2.*c10.*t5.*t15.*2.0+A3.*c7.*t7.*t15.*3.0+A1.*c8.*t9.*t16.*3.0+A1.*c11.*t9.*t14.*2.0+A3.*c11.*t5.*t16.*2.0+A2.*c9.*t9.*t16.*3.0+A2.*c12.*t9.*t15.*2.0+A3.*c12.*t7.*t16.*2.0,c31+A1.*c28+A2.*c29+A3.*c30+c13.*t6+c14.*t8+c15.*t10+c22.*t5+c23.*t7+c24.*t9+c1.*t5.^2+c2.*t7.^2+c3.*t9.^2+A1.*A2.*c25+A1.*A3.*c26+A2.*A3.*c27+A2.*c4.*t6+A3.*c5.*t6+A1.*c6.*t8+A3.*c7.*t8+A1.*c8.*t10+A2.*c9.*t10+A2.*c16.*t5+A3.*c17.*t5+A1.*c18.*t7+A3.*c19.*t7+A1.*c20.*t9+A2.*c21.*t9+c10.*t5.*t7+c11.*t5.*t9+c12.*t7.*t9];
