function g_c = GoftD1(in1,in2)
%G_COEFFS
%    in1 -> coeffs of G(x,y,z), in2 -> segment coeffs
%    G_C = G_COEFFS(IN1,IN2)
%    IN1 - > [x(t);y(t);z(t)]; degree of t up to 4th
%    IN2 - > 10 coefficient of G(x,y,z);
%    This function was generated by the Symbolic Math Toolbox version 8.5.
%    14-Oct-2020 12:17:17

g1 = in2(1,:);
g2 = in2(2,:);
g3 = in2(3,:);
g4 = in2(4,:);
g5 = in2(5,:);
g6 = in2(6,:);
g7 = in2(7,:);
g8 = in2(8,:);
g9 = in2(9,:);
g10 = in2(10,:);
p11 = in1(1);
p12 = in1(4);
p13 = in1(7);
p14 = in1(10);
p15 = in1(13);
p21 = in1(2);
p22 = in1(5);
p23 = in1(8);
p24 = in1(11);
p25 = in1(14);
p31 = in1(3);
p32 = in1(6);
p33 = in1(9);
p34 = in1(12);
p35 = in1(15);
g_c = [g1.*p11.^2+g2.*p21.^2+g3.*p31.^2+g4.*p11.*p21+g5.*p11.*p31+g6.*p21.*p31,g1.*p11.*p12.*2.0+g4.*p11.*p22+g4.*p12.*p21+g2.*p21.*p22.*2.0+g5.*p11.*p32+g5.*p12.*p31+g6.*p21.*p32+g6.*p22.*p31+g3.*p31.*p32.*2.0,g1.*(p11.*p13.*2.0+p12.^2)+g2.*(p21.*p23.*2.0+p22.^2)+g3.*(p31.*p33.*2.0+p32.^2)+g4.*p11.*p23+g4.*p12.*p22+g4.*p13.*p21+g5.*p11.*p33+g5.*p12.*p32+g5.*p13.*p31+g6.*p21.*p33+g6.*p22.*p32+g6.*p23.*p31,g1.*(p11.*p14.*2.0+p12.*p13.*2.0)+g2.*(p21.*p24.*2.0+p22.*p23.*2.0)+g3.*(p31.*p34.*2.0+p32.*p33.*2.0)+g4.*p11.*p24+g4.*p12.*p23+g4.*p13.*p22+g4.*p14.*p21+g5.*p11.*p34+g5.*p12.*p33+g5.*p13.*p32+g5.*p14.*p31+g6.*p21.*p34+g6.*p22.*p33+g6.*p23.*p32+g6.*p24.*p31,g7.*p11+g8.*p21+g9.*p31+g1.*(p11.*p15.*2.0+p12.*p14.*2.0+p13.^2)+g2.*(p21.*p25.*2.0+p22.*p24.*2.0+p23.^2)+g3.*(p31.*p35.*2.0+p32.*p34.*2.0+p33.^2)+g4.*p11.*p25+g4.*p12.*p24+g4.*p13.*p23+g4.*p14.*p22+g4.*p15.*p21+g5.*p11.*p35+g5.*p12.*p34+g5.*p13.*p33+g5.*p14.*p32+g5.*p15.*p31+g6.*p21.*p35+g6.*p22.*p34+g6.*p23.*p33+g6.*p24.*p32+g6.*p25.*p31,g7.*p12+g8.*p22+g9.*p32+g1.*(p12.*p15.*2.0+p13.*p14.*2.0)+g2.*(p22.*p25.*2.0+p23.*p24.*2.0)+g3.*(p32.*p35.*2.0+p33.*p34.*2.0)+g4.*p12.*p25+g4.*p13.*p24+g4.*p14.*p23+g4.*p15.*p22+g5.*p12.*p35+g5.*p13.*p34+g5.*p14.*p33+g5.*p15.*p32+g6.*p22.*p35+g6.*p23.*p34+g6.*p24.*p33+g6.*p25.*p32,g1.*(p13.*p15.*2.0+p14.^2)+g2.*(p23.*p25.*2.0+p24.^2)+g3.*(p33.*p35.*2.0+p34.^2)+g7.*p13+g8.*p23+g9.*p33+g4.*p13.*p25+g4.*p14.*p24+g4.*p15.*p23+g5.*p13.*p35+g5.*p14.*p34+g5.*p15.*p33+g6.*p23.*p35+g6.*p24.*p34+g6.*p25.*p33,g7.*p14+g8.*p24+g9.*p34+g1.*p14.*p15.*2.0+g4.*p14.*p25+g4.*p15.*p24+g2.*p24.*p25.*2.0+g5.*p14.*p35+g5.*p15.*p34+g6.*p24.*p35+g6.*p25.*p34+g3.*p34.*p35.*2.0,g10+g7.*p15+g8.*p25+g9.*p35+g1.*p15.^2+g2.*p25.^2+g3.*p35.^2+g4.*p15.*p25+g5.*p15.*p35+g6.*p25.*p35];
