function out1 = H1_O(in1,in2,in3)
%H1_O
%    OUT1 = H1_O(IN1,IN2,IN3)

%    This function was generated by the Symbolic Math Toolbox version 8.5.
%    14-Oct-2020 10:55:34

A1 = in2(1,:);
A2 = in2(2,:);
A3 = in2(3,:);
b11 = in1(1);
b12 = in1(4);
b13 = in1(7);
b21 = in1(2);
b22 = in1(5);
b23 = in1(8);
b31 = in1(3);
b32 = in1(6);
b33 = in1(9);
c1 = in3(1,:);
c2 = in3(2,:);
c3 = in3(3,:);
c4 = in3(4,:);
c5 = in3(5,:);
c6 = in3(6,:);
c7 = in3(7,:);
c8 = in3(8,:);
c9 = in3(9,:);
c10 = in3(10,:);
c11 = in3(11,:);
c12 = in3(12,:);
c13 = in3(13,:);
c14 = in3(14,:);
c15 = in3(15,:);
c16 = in3(16,:);
c17 = in3(17,:);
c18 = in3(18,:);
c19 = in3(19,:);
c20 = in3(20,:);
c21 = in3(21,:);
c22 = in3(22,:);
c23 = in3(23,:);
c24 = in3(24,:);
c25 = in3(25,:);
c26 = in3(26,:);
c27 = in3(27,:);
c28 = in3(28,:);
c29 = in3(29,:);
c30 = in3(30,:);
t2 = A1.*c28;
t3 = A2.*c29;
t4 = A3.*c30;
t5 = A1.^2;
t6 = A1.^3;
t7 = A2.^2;
t9 = A2.^3;
t10 = A3.^2;
t12 = A3.^3;
t17 = A1.*A2.*c25.*2.0;
t18 = A1.*A3.*c26.*2.0;
t19 = A2.*A3.*c27.*2.0;
t8 = t5.^2;
t11 = t7.^2;
t13 = t10.^2;
t14 = -t2;
t15 = -t3;
t16 = -t4;
t20 = -t17;
t21 = -t18;
t22 = -t19;
t26 = c13.*t6.*3.0;
t27 = c14.*t9.*3.0;
t28 = c15.*t12.*3.0;
t29 = c22.*t5.*2.0;
t30 = c23.*t7.*2.0;
t31 = c24.*t10.*2.0;
t41 = A2.*c4.*t6.*4.0;
t42 = A1.*c6.*t9.*4.0;
t43 = A3.*c5.*t6.*4.0;
t44 = A1.*c8.*t12.*4.0;
t45 = A3.*c7.*t9.*4.0;
t46 = A2.*c9.*t12.*4.0;
t47 = A2.*c16.*t5.*3.0;
t48 = A1.*c18.*t7.*3.0;
t49 = A3.*c17.*t5.*3.0;
t50 = A1.*c20.*t10.*3.0;
t51 = A3.*c19.*t7.*3.0;
t52 = A2.*c21.*t10.*3.0;
t65 = c10.*t5.*t7.*4.0;
t66 = c11.*t5.*t10.*4.0;
t67 = c12.*t7.*t10.*4.0;
t23 = c1.*t8.*4.0;
t24 = c2.*t11.*4.0;
t25 = c3.*t13.*4.0;
t35 = -t26;
t36 = -t27;
t37 = -t28;
t38 = -t29;
t39 = -t30;
t40 = -t31;
t53 = -t41;
t54 = -t42;
t55 = -t43;
t56 = -t44;
t57 = -t45;
t58 = -t46;
t59 = -t47;
t60 = -t48;
t61 = -t49;
t62 = -t50;
t63 = -t51;
t64 = -t52;
t68 = -t65;
t69 = -t66;
t70 = -t67;
t32 = -t23;
t33 = -t24;
t34 = -t25;
out1 = [t14+t15+t16+t20+t21+t22+t32+t33+t34+t35+t36+t37+t38+t39+t40+t53+t54+t55+t56+t57+t58+t59+t60+t61+t62+t63+t64+t68+t69+t70+b11.*c28+b21.*c29+b31.*c30+A1.*b11.*c22.*2.0+A2.*b11.*c25+A3.*b11.*c26+A2.*b21.*c23.*2.0+A1.*b21.*c25+A3.*b21.*c27+A1.*b31.*c26+A3.*b31.*c24.*2.0+A2.*b31.*c27+b11.*c1.*t6.*4.0+b11.*c6.*t9+b11.*c13.*t5.*3.0+b11.*c8.*t12+b21.*c4.*t6+b21.*c2.*t9.*4.0+b11.*c18.*t7+b11.*c20.*t10+b21.*c9.*t12+b21.*c14.*t7.*3.0+b21.*c16.*t5+b31.*c5.*t6+b31.*c3.*t12.*4.0+b31.*c7.*t9+b21.*c21.*t10+b31.*c17.*t5+b31.*c15.*t10.*3.0+b31.*c19.*t7+A1.*A2.*b11.*c16.*2.0+A1.*A3.*b11.*c17.*2.0+A1.*A2.*b21.*c18.*2.0+A2.*A3.*b21.*c19.*2.0+A1.*A3.*b31.*c20.*2.0+A2.*A3.*b31.*c21.*2.0+A2.*b11.*c4.*t5.*3.0+A3.*b11.*c5.*t5.*3.0+A1.*b11.*c10.*t7.*2.0+A1.*b11.*c11.*t10.*2.0+A1.*b21.*c6.*t7.*3.0+A2.*b21.*c10.*t5.*2.0+A3.*b21.*c7.*t7.*3.0+A2.*b21.*c12.*t10.*2.0+A1.*b31.*c8.*t10.*3.0+A3.*b31.*c11.*t5.*2.0+A2.*b31.*c9.*t10.*3.0+A3.*b31.*c12.*t7.*2.0,b12.*c28+b22.*c29+b32.*c30+A1.*b12.*c22.*2.0+A2.*b12.*c25+A3.*b12.*c26+A2.*b22.*c23.*2.0+A1.*b22.*c25+A3.*b22.*c27+A1.*b32.*c26+A3.*b32.*c24.*2.0+A2.*b32.*c27+b12.*c1.*t6.*4.0+b12.*c6.*t9+b12.*c13.*t5.*3.0+b12.*c8.*t12+b22.*c4.*t6+b22.*c2.*t9.*4.0+b12.*c18.*t7+b12.*c20.*t10+b22.*c9.*t12+b22.*c14.*t7.*3.0+b22.*c16.*t5+b32.*c5.*t6+b32.*c3.*t12.*4.0+b32.*c7.*t9+b22.*c21.*t10+b32.*c17.*t5+b32.*c15.*t10.*3.0+b32.*c19.*t7+A1.*A2.*b12.*c16.*2.0+A1.*A3.*b12.*c17.*2.0+A1.*A2.*b22.*c18.*2.0+A2.*A3.*b22.*c19.*2.0+A1.*A3.*b32.*c20.*2.0+A2.*A3.*b32.*c21.*2.0+A2.*b12.*c4.*t5.*3.0+A3.*b12.*c5.*t5.*3.0+A1.*b12.*c10.*t7.*2.0+A1.*b12.*c11.*t10.*2.0+A1.*b22.*c6.*t7.*3.0+A2.*b22.*c10.*t5.*2.0+A3.*b22.*c7.*t7.*3.0+A2.*b22.*c12.*t10.*2.0+A1.*b32.*c8.*t10.*3.0+A3.*b32.*c11.*t5.*2.0+A2.*b32.*c9.*t10.*3.0+A3.*b32.*c12.*t7.*2.0,t14+t15+t16+t20+t21+t22+t32+t33+t34+t35+t36+t37+t38+t39+t40+t53+t54+t55+t56+t57+t58+t59+t60+t61+t62+t63+t64+t68+t69+t70+b13.*c28+b23.*c29+b33.*c30+A1.*b13.*c22.*2.0+A2.*b13.*c25+A3.*b13.*c26+A2.*b23.*c23.*2.0+A1.*b23.*c25+A3.*b23.*c27+A1.*b33.*c26+A3.*b33.*c24.*2.0+A2.*b33.*c27+b13.*c1.*t6.*4.0+b13.*c6.*t9+b13.*c13.*t5.*3.0+b13.*c8.*t12+b23.*c4.*t6+b23.*c2.*t9.*4.0+b13.*c18.*t7+b13.*c20.*t10+b23.*c9.*t12+b23.*c14.*t7.*3.0+b23.*c16.*t5+b33.*c5.*t6+b33.*c3.*t12.*4.0+b33.*c7.*t9+b23.*c21.*t10+b33.*c17.*t5+b33.*c15.*t10.*3.0+b33.*c19.*t7+A1.*A2.*b13.*c16.*2.0+A1.*A3.*b13.*c17.*2.0+A1.*A2.*b23.*c18.*2.0+A2.*A3.*b23.*c19.*2.0+A1.*A3.*b33.*c20.*2.0+A2.*A3.*b33.*c21.*2.0+A2.*b13.*c4.*t5.*3.0+A3.*b13.*c5.*t5.*3.0+A1.*b13.*c10.*t7.*2.0+A1.*b13.*c11.*t10.*2.0+A1.*b23.*c6.*t7.*3.0+A2.*b23.*c10.*t5.*2.0+A3.*b23.*c7.*t7.*3.0+A2.*b23.*c12.*t10.*2.0+A1.*b33.*c8.*t10.*3.0+A3.*b33.*c11.*t5.*2.0+A2.*b33.*c9.*t10.*3.0+A3.*b33.*c12.*t7.*2.0];
