function u_c = Discriminant_deg_3(in1,in2,in3,u0)
%DISCRIMINANT_DEG_3
%    U_C = DISCRIMINANT_DEG_3(IN1,IN2,IN3,U0)

%    This function was generated by the Symbolic Math Toolbox version 8.2.
%    03-Dec-2020 17:11:18

u11 = in3(:,1);
u12 = in3(:,2);
u21 = in2(:,1);
u22 = in2(:,2);
u23 = in2(:,3);
u31 = in1(:,1);
u32 = in1(:,2);
u33 = in1(:,3);
u34 = in1(:,4);
t2 = u31.^2;
t3 = u11.^2;
t4 = u21.^2;
t5 = u0.^2;
t6 = u12.^2;
t7 = u31.*u33.*2.0;
t8 = u32.^2;
t9 = t7+t8;
t10 = u0.*u11.*u22;
t11 = u0.*u12.*u21;
t12 = t10+t11;
t13 = u22.^2;
t14 = u31.*u34.*2.0;
t15 = u32.*u33.*2.0;
t16 = t14+t15;
t17 = u21.*u23.*2.0;
t18 = t13+t17;
t19 = u0.*u11.*u23;
t20 = u0.*u12.*u22;
t21 = t19+t20;
t22 = u32.*u34.*2.0;
t23 = u33.^2;
t24 = t22+t23;
t25 = u23.^2;
t26 = u34.^2;
u_c = [t2.*t3,t2.*u11.*u12.*2.0+t3.*u31.*u32.*2.0,t2.*t5.*-2.7e1+t2.*t6+t3.*t9-t4.*u0.*u21.*4.0-t3.*u11.*u31.*4.0+u0.*u11.*u21.*u31.*1.8e1+u11.*u12.*u31.*u32.*4.0,t3.*t16+t12.*u31.*1.8e1-t4.*u0.*u22.*1.2e1+t9.*u11.*u12.*2.0-t3.*u11.*u32.*4.0-t3.*u12.*u31.*1.2e1-t5.*u31.*u32.*5.4e1+t6.*u31.*u32.*2.0+u0.*u11.*u21.*u32.*1.8e1,u0.*(t4.*u23+t13.*u21.*2.0+t18.*u21).*-4.0-t5.*t9.*2.7e1+t6.*t9+t3.*t24+t12.*u32.*1.8e1+t21.*u31.*1.8e1+t16.*u11.*u12.*2.0-t3.*u11.*u33.*4.0-t3.*u12.*u32.*1.2e1-t6.*u11.*u31.*1.2e1+u0.*u11.*u21.*u33.*1.8e1,u0.*(t18.*u22+u21.*u22.*u23.*4.0).*-4.0-t5.*t16.*2.7e1+t6.*t16+t12.*u33.*1.8e1+t21.*u32.*1.8e1+t24.*u11.*u12.*2.0-t3.*u11.*u34.*4.0-t3.*u12.*u33.*1.2e1-t6.*u11.*u32.*1.2e1-t6.*u12.*u31.*4.0+t3.*u33.*u34.*2.0+u0.*u11.*u21.*u34.*1.8e1+u0.*u12.*u23.*u31.*1.8e1,u0.*(t13.*u23.*2.0+t18.*u23+t25.*u21).*-4.0+t3.*t26-t5.*t24.*2.7e1+t6.*t24+t12.*u34.*1.8e1+t21.*u33.*1.8e1-t3.*u12.*u34.*1.2e1-t6.*u11.*u33.*1.2e1-t6.*u12.*u32.*4.0+u0.*u12.*u23.*u32.*1.8e1+u11.*u12.*u33.*u34.*4.0,t21.*u34.*1.8e1-t25.*u0.*u22.*1.2e1+t26.*u11.*u12.*2.0-t6.*u11.*u34.*1.2e1-t6.*u12.*u33.*4.0-t5.*u33.*u34.*5.4e1+t6.*u33.*u34.*2.0+u0.*u12.*u23.*u33.*1.8e1,t5.*t26.*-2.7e1+t6.*t26-t25.*u0.*u23.*4.0-t6.*u12.*u34.*4.0+u0.*u12.*u23.*u34.*1.8e1];
