function v_c = F_uv_v_coeffs(in1,in2,in3,u)
%F_UV_V_COEFFS
%    V_C = F_UV_V_COEFFS(IN1,IN2,IN3,U)

%    This function was generated by the Symbolic Math Toolbox version 8.2.
%    03-Dec-2020 17:10:26

a11 = in2(1);
a12 = in2(4);
a21 = in2(2);
a22 = in2(5);
a31 = in2(3);
a32 = in2(6);
b1 = in1(1,:);
b2 = in1(2,:);
b3 = in1(3,:);
c1 = in3(1,:);
c2 = in3(2,:);
c3 = in3(3,:);
c4 = in3(4,:);
c5 = in3(5,:);
c6 = in3(6,:);
c7 = in3(7,:);
c8 = in3(8,:);
c9 = in3(9,:);
c10 = in3(10,:);
c11 = in3(11,:);
c12 = in3(12,:);
c13 = in3(13,:);
c14 = in3(14,:);
c15 = in3(15,:);
c16 = in3(16,:);
c17 = in3(17,:);
c18 = in3(18,:);
c19 = in3(19,:);
c20 = in3(20,:);
c21 = in3(21,:);
c22 = in3(22,:);
c23 = in3(23,:);
c24 = in3(24,:);
c25 = in3(25,:);
c26 = in3(26,:);
c27 = in3(27,:);
c28 = in3(28,:);
c29 = in3(29,:);
c30 = in3(30,:);
c31 = in3(31,:);
t8 = a11-a12;
t9 = t8.*u;
t2 = a12-b1+t9;
t3 = t2.^2;
t10 = a21-a22;
t11 = t10.*u;
t4 = a22-b2+t11;
t5 = t4.^2;
t12 = a31-a32;
t13 = t12.*u;
t6 = a32-b3+t13;
t7 = t6.^2;
t14 = b2.^2;
t15 = b1.^2;
t16 = b3.^2;
v_c = [c1.*t3.^2+c2.*t5.^2+c3.*t7.^2+c10.*t3.*t5+c11.*t3.*t7+c12.*t5.*t7+c4.*t2.*t3.*t4+c5.*t2.*t3.*t6+c6.*t2.*t4.*t5+c7.*t4.*t5.*t6+c8.*t2.*t6.*t7+c9.*t4.*t6.*t7,c13.*t2.*t3+c14.*t4.*t5+c16.*t3.*t4+c18.*t2.*t5+c17.*t3.*t6+c15.*t6.*t7+c20.*t2.*t7+c19.*t5.*t6+c21.*t4.*t7+b1.*c1.*t2.*t3.*4.0+b2.*c4.*t2.*t3+b1.*c4.*t3.*t4.*3.0+b2.*c2.*t4.*t5.*4.0+b3.*c5.*t2.*t3+b1.*c5.*t3.*t6.*3.0+b2.*c6.*t2.*t5.*3.0+b1.*c6.*t4.*t5+b1.*c10.*t2.*t5.*2.0+b2.*c10.*t3.*t4.*2.0+b3.*c3.*t6.*t7.*4.0+b3.*c7.*t4.*t5+b2.*c7.*t5.*t6.*3.0+b3.*c8.*t2.*t7.*3.0+b1.*c11.*t2.*t7.*2.0+b1.*c8.*t6.*t7+b3.*c9.*t4.*t7.*3.0+b3.*c11.*t3.*t6.*2.0+b2.*c9.*t6.*t7+b2.*c12.*t4.*t7.*2.0+b3.*c12.*t5.*t6.*2.0,c22.*t3+c23.*t5+c24.*t7+b1.*c13.*t3.*3.0+b2.*c14.*t5.*3.0+b2.*c16.*t3+b3.*c17.*t3+b1.*c18.*t5+b3.*c15.*t7.*3.0+b3.*c19.*t5+b1.*c20.*t7+b2.*c21.*t7+c1.*t3.*t15.*6.0+c2.*t5.*t14.*6.0+c3.*t7.*t16.*6.0+c10.*t3.*t14+c10.*t5.*t15+c11.*t3.*t16+c25.*t2.*t4+c11.*t7.*t15+c12.*t5.*t16+c12.*t7.*t14+c26.*t2.*t6+c27.*t4.*t6+b1.*c16.*t2.*t4.*2.0+b1.*c17.*t2.*t6.*2.0+b2.*c18.*t2.*t4.*2.0+b2.*c19.*t4.*t6.*2.0+b3.*c20.*t2.*t6.*2.0+b3.*c21.*t4.*t6.*2.0+c4.*t2.*t4.*t15.*3.0+c6.*t2.*t4.*t14.*3.0+c5.*t2.*t6.*t15.*3.0+c7.*t4.*t6.*t14.*3.0+c8.*t2.*t6.*t16.*3.0+c9.*t4.*t6.*t16.*3.0+b1.*b2.*c4.*t3.*3.0+b1.*b3.*c5.*t3.*3.0+b1.*b2.*c6.*t5.*3.0+b2.*b3.*c7.*t5.*3.0+b1.*b3.*c8.*t7.*3.0+b2.*b3.*c9.*t7.*3.0+b1.*b2.*c10.*t2.*t4.*4.0+b1.*b3.*c11.*t2.*t6.*4.0+b2.*b3.*c12.*t4.*t6.*4.0,c28.*t2+c29.*t4+c30.*t6+b1.*c22.*t2.*2.0+b2.*c23.*t4.*2.0+b2.*c25.*t2+b1.*c25.*t4+b3.*c26.*t2+b1.*c26.*t6+b3.*c24.*t6.*2.0+b3.*c27.*t4+b2.*c27.*t6+c13.*t2.*t15.*3.0+c14.*t4.*t14.*3.0+c18.*t2.*t14+c16.*t4.*t15+c15.*t6.*t16.*3.0+c17.*t6.*t15+c20.*t2.*t16+c19.*t6.*t14+c21.*t4.*t16+b1.*c1.*t2.*t15.*4.0+b2.*c2.*t4.*t14.*4.0+b2.*c4.*t2.*t15.*3.0+b1.*c4.*t4.*t15+b2.*c6.*t2.*t14+b1.*c6.*t4.*t14.*3.0+b3.*c5.*t2.*t15.*3.0+b1.*c5.*t6.*t15+b1.*c10.*t2.*t14.*2.0+b3.*c3.*t6.*t16.*4.0+b3.*c7.*t4.*t14.*3.0+b2.*c7.*t6.*t14+b3.*c8.*t2.*t16+b1.*c11.*t2.*t16.*2.0+b1.*c8.*t6.*t16.*3.0+b2.*c10.*t4.*t15.*2.0+b3.*c9.*t4.*t16+b2.*c9.*t6.*t16.*3.0+b2.*c12.*t4.*t16.*2.0+b3.*c11.*t6.*t15.*2.0+b3.*c12.*t6.*t14.*2.0+b1.*b2.*c16.*t2.*2.0+b1.*b3.*c17.*t2.*2.0+b1.*b2.*c18.*t4.*2.0+b2.*b3.*c19.*t4.*2.0+b1.*b3.*c20.*t6.*2.0+b2.*b3.*c21.*t6.*2.0,c31+b1.*c28+b2.*c29+b3.*c30+c22.*t15+c23.*t14+c24.*t16+c1.*t15.^2+c2.*t14.^2+c3.*t16.^2+b1.*b2.*c25+b1.*b3.*c26+b2.*b3.*c27+b1.*c13.*t15+b2.*c14.*t14+b1.*c18.*t14+b2.*c16.*t15+b3.*c15.*t16+b3.*c17.*t15+b3.*c19.*t14+b1.*c20.*t16+b2.*c21.*t16+c10.*t14.*t15+c11.*t15.*t16+c12.*t14.*t16+b1.*b2.*c4.*t15+b1.*b2.*c6.*t14+b1.*b3.*c5.*t15+b2.*b3.*c7.*t14+b1.*b3.*c8.*t16+b2.*b3.*c9.*t16];
