function out1 = F_uv_H1_coeffs(in1,in2,in3)
%F_UV_H1_COEFFS
%    OUT1 = F_UV_H1_COEFFS(IN1,IN2,IN3)

%    This function was generated by the Symbolic Math Toolbox version 8.2.
%    03-Dec-2020 17:10:28

a11 = in2(1);
a12 = in2(4);
a21 = in2(2);
a22 = in2(5);
a31 = in2(3);
a32 = in2(6);
b1 = in1(1,:);
b2 = in1(2,:);
b3 = in1(3,:);
c1 = in3(1,:);
c2 = in3(2,:);
c3 = in3(3,:);
c4 = in3(4,:);
c5 = in3(5,:);
c6 = in3(6,:);
c7 = in3(7,:);
c8 = in3(8,:);
c9 = in3(9,:);
c10 = in3(10,:);
c11 = in3(11,:);
c12 = in3(12,:);
c13 = in3(13,:);
c14 = in3(14,:);
c15 = in3(15,:);
c16 = in3(16,:);
c17 = in3(17,:);
c18 = in3(18,:);
c19 = in3(19,:);
c20 = in3(20,:);
c21 = in3(21,:);
c22 = in3(22,:);
c23 = in3(23,:);
c24 = in3(24,:);
c25 = in3(25,:);
c26 = in3(26,:);
c27 = in3(27,:);
c28 = in3(28,:);
c29 = in3(29,:);
c30 = in3(30,:);
t2 = b1.^2;
t3 = a11-a12;
t4 = b2.^2;
t5 = b3.^2;
t6 = a21-a22;
t7 = a31-a32;
t8 = a12-b1;
t9 = a22-b2;
t10 = a32-b3;
out1 = [c28.*t3+c29.*t6+c30.*t7+b1.*c22.*t3.*2.0+b2.*c25.*t3+b2.*c23.*t6.*2.0+b1.*c25.*t6+b3.*c26.*t3+b1.*c26.*t7+b3.*c24.*t7.*2.0+b2.*c27.*t7+b3.*c27.*t6+c13.*t2.*t3.*3.0+c14.*t4.*t6.*3.0+c16.*t2.*t6+c18.*t3.*t4+c17.*t2.*t7+c15.*t5.*t7.*3.0+c20.*t3.*t5+c19.*t4.*t7+c21.*t5.*t6+b1.*c1.*t2.*t3.*4.0+b2.*c4.*t2.*t3.*3.0+b1.*c4.*t2.*t6+b3.*c5.*t2.*t3.*3.0+b2.*c2.*t4.*t6.*4.0+b1.*c5.*t2.*t7+b2.*c6.*t3.*t4+b1.*c6.*t4.*t6.*3.0+b1.*c10.*t3.*t4.*2.0+b3.*c3.*t5.*t7.*4.0+b3.*c8.*t3.*t5+b1.*c11.*t3.*t5.*2.0+b2.*c7.*t4.*t7+b2.*c10.*t2.*t6.*2.0+b3.*c7.*t4.*t6.*3.0+b1.*c8.*t5.*t7.*3.0+b2.*c9.*t5.*t7.*3.0+b3.*c9.*t5.*t6+b3.*c11.*t2.*t7.*2.0+b2.*c12.*t5.*t6.*2.0+b3.*c12.*t4.*t7.*2.0+b1.*b2.*c16.*t3.*2.0+b1.*b3.*c17.*t3.*2.0+b1.*b2.*c18.*t6.*2.0+b2.*b3.*c19.*t6.*2.0+b1.*b3.*c20.*t7.*2.0+b2.*b3.*c21.*t7.*2.0,c28.*t8+c29.*t9+c30.*t10+b1.*c22.*t8.*2.0+b2.*c23.*t9.*2.0+b1.*c25.*t9+b2.*c25.*t8+b1.*c26.*t10+b3.*c24.*t10.*2.0+b3.*c26.*t8+b2.*c27.*t10+b3.*c27.*t9+c13.*t2.*t8.*3.0+c14.*t4.*t9.*3.0+c16.*t2.*t9+c17.*t2.*t10+c15.*t5.*t10.*3.0+c18.*t4.*t8+c19.*t4.*t10+c20.*t5.*t8+c21.*t5.*t9+b1.*c1.*t2.*t8.*4.0+b1.*c4.*t2.*t9+b2.*c4.*t2.*t8.*3.0+b2.*c2.*t4.*t9.*4.0+b1.*c5.*t2.*t10+b3.*c5.*t2.*t8.*3.0+b1.*c6.*t4.*t9.*3.0+b2.*c6.*t4.*t8+b3.*c3.*t5.*t10.*4.0+b1.*c10.*t4.*t8.*2.0+b2.*c7.*t4.*t10+b2.*c10.*t2.*t9.*2.0+b3.*c7.*t4.*t9.*3.0+b1.*c8.*t5.*t10.*3.0+b3.*c8.*t5.*t8+b1.*c11.*t5.*t8.*2.0+b2.*c9.*t5.*t10.*3.0+b3.*c9.*t5.*t9+b3.*c11.*t2.*t10.*2.0+b2.*c12.*t5.*t9.*2.0+b3.*c12.*t4.*t10.*2.0+b1.*b2.*c16.*t8.*2.0+b1.*b3.*c17.*t8.*2.0+b1.*b2.*c18.*t9.*2.0+b2.*b3.*c19.*t9.*2.0+b1.*b3.*c20.*t10.*2.0+b2.*b3.*c21.*t10.*2.0];
