function out1 = F_uv_H4_coeffs(in1,in2,in3)
%F_UV_H4_COEFFS
%    OUT1 = F_UV_H4_COEFFS(IN1,IN2,IN3)

%    This function was generated by the Symbolic Math Toolbox version 8.2.
%    03-Dec-2020 17:10:27

a11 = in2(1);
a12 = in2(4);
a21 = in2(2);
a22 = in2(5);
a31 = in2(3);
a32 = in2(6);
b1 = in1(1,:);
b2 = in1(2,:);
b3 = in1(3,:);
c1 = in3(1,:);
c2 = in3(2,:);
c3 = in3(3,:);
c4 = in3(4,:);
c5 = in3(5,:);
c6 = in3(6,:);
c7 = in3(7,:);
c8 = in3(8,:);
c9 = in3(9,:);
c10 = in3(10,:);
c11 = in3(11,:);
c12 = in3(12,:);
t2 = a11-a12;
t3 = t2.^2;
t4 = a21-a22;
t5 = t4.^2;
t6 = a31-a32;
t7 = t6.^2;
t8 = a12-b1;
t9 = a22-b2;
t10 = a32-b3;
t11 = t8.^2;
t12 = t9.^2;
t13 = t10.^2;
out1 = [c1.*t3.^2+c2.*t5.^2+c3.*t7.^2+c10.*t3.*t5+c11.*t3.*t7+c12.*t5.*t7+c4.*t2.*t3.*t4+c5.*t2.*t3.*t6+c6.*t2.*t4.*t5+c7.*t4.*t5.*t6+c8.*t2.*t6.*t7+c9.*t4.*t6.*t7,c1.*t2.*t3.*t8.*4.0+c4.*t2.*t3.*t9+c4.*t3.*t4.*t8.*3.0+c2.*t4.*t5.*t9.*4.0+c5.*t2.*t3.*t10+c5.*t3.*t6.*t8.*3.0+c6.*t2.*t5.*t9.*3.0+c6.*t4.*t5.*t8+c10.*t2.*t5.*t8.*2.0+c3.*t6.*t7.*t10.*4.0+c7.*t4.*t5.*t10+c10.*t3.*t4.*t9.*2.0+c7.*t5.*t6.*t9.*3.0+c8.*t2.*t7.*t10.*3.0+c11.*t2.*t7.*t8.*2.0+c8.*t6.*t7.*t8+c9.*t4.*t7.*t10.*3.0+c11.*t3.*t6.*t10.*2.0+c9.*t6.*t7.*t9+c12.*t4.*t7.*t9.*2.0+c12.*t5.*t6.*t10.*2.0,c1.*t3.*t11.*6.0+c2.*t5.*t12.*6.0+c3.*t7.*t13.*6.0+c10.*t3.*t12+c10.*t5.*t11+c11.*t3.*t13+c11.*t7.*t11+c12.*t5.*t13+c12.*t7.*t12+c4.*t2.*t4.*t11.*3.0+c4.*t3.*t8.*t9.*3.0+c5.*t2.*t6.*t11.*3.0+c6.*t2.*t4.*t12.*3.0+c5.*t3.*t8.*t10.*3.0+c6.*t5.*t8.*t9.*3.0+c7.*t4.*t6.*t12.*3.0+c8.*t2.*t6.*t13.*3.0+c7.*t5.*t9.*t10.*3.0+c9.*t4.*t6.*t13.*3.0+c8.*t7.*t8.*t10.*3.0+c9.*t7.*t9.*t10.*3.0+c10.*t2.*t4.*t8.*t9.*4.0+c11.*t2.*t6.*t8.*t10.*4.0+c12.*t4.*t6.*t9.*t10.*4.0,c1.*t2.*t8.*t11.*4.0+c4.*t2.*t9.*t11.*3.0+c2.*t4.*t9.*t12.*4.0+c4.*t4.*t8.*t11+c5.*t2.*t10.*t11.*3.0+c6.*t2.*t9.*t12+c5.*t6.*t8.*t11+c6.*t4.*t8.*t12.*3.0+c3.*t6.*t10.*t13.*4.0+c10.*t2.*t8.*t12.*2.0+c7.*t4.*t10.*t12.*3.0+c8.*t2.*t10.*t13+c7.*t6.*t9.*t12+c10.*t4.*t9.*t11.*2.0+c11.*t2.*t8.*t13.*2.0+c8.*t6.*t8.*t13.*3.0+c9.*t4.*t10.*t13+c9.*t6.*t9.*t13.*3.0+c11.*t6.*t10.*t11.*2.0+c12.*t4.*t9.*t13.*2.0+c12.*t6.*t10.*t12.*2.0,c1.*t11.^2+c2.*t12.^2+c3.*t13.^2+c10.*t11.*t12+c11.*t11.*t13+c12.*t12.*t13+c4.*t8.*t9.*t11+c5.*t8.*t10.*t11+c6.*t8.*t9.*t12+c7.*t9.*t10.*t12+c8.*t8.*t10.*t13+c9.*t9.*t10.*t13];
